150  
6    

1    
  0.0051571433359870  -0.0000000000044507   0.0085676060023839
  -0.1395766600    0.0002633800   -0.2451348500
   0.0067756700   -0.0060190300   -0.0046477800
   0.0008045900    0.0001099600    0.0012615600
   0.0008437600   -0.0000514600    0.0012215200
   0.0061009600    0.0061297400   -0.0045311000
   0.0026314900   -0.0079935200   -0.0046373500
   0.0030173400    0.0083220600   -0.0045351200
   0.0002040500   -0.0005086700    0.0009877500
  -0.0000011700    0.0000413700    0.0006907500
   0.0002443300    0.0004579200    0.0009383200
  -0.0000497600   -0.0004525000    0.0012156000
   0.0010605800   -0.0000363900    0.0009483200
  -0.0000354900    0.0003869300    0.0012552000
   0.0000511300   -0.0000316600    0.0007079300
  -0.0000404600   -0.0000241900    0.0006829900
  -0.0000719900   -0.0005701600    0.0012271100
  -0.0000209300   -0.0000058100    0.0006584700
   0.0000316100   -0.0000131400    0.0007016500
  -0.0000132800    0.0005920700    0.0012267200
   0.0010612600    0.0000309500    0.0009460400
   0.0028907700    0.0037291800   -0.0046913100
   0.0001975700    0.0005029000    0.0009675700
  -0.0000010200    0.0000296400    0.0006893400
   0.0002513600   -0.0004626300    0.0009314800
   0.0027602400   -0.0042489900   -0.0044724300
   0.0002324600   -0.0001131600   -0.0005905200
  -0.0000272600    0.0000424500   -0.0007147400
   0.0000003000   -0.0000276800   -0.0006642800
   0.0000499600    0.0000537200   -0.0006648400
  -0.0002375000   -0.0001454000   -0.0008729100
   0.0000254800    0.0002678300   -0.0007176500
   0.0000462600    0.0000723000   -0.0005512300
  -0.0000016600    0.0000007500   -0.0006722000
   0.0000122500    0.0000110300   -0.0006715800
  -0.0000093600   -0.0000264400   -0.0005861100
   0.0000035700   -0.0000417400   -0.0007111700
   0.0000474700   -0.0000678000   -0.0006810300
   0.0000069100   -0.0000056500   -0.0006796200
   0.0000027200    0.0000085000   -0.0006815900
  -0.0000059500   -0.0000008600   -0.0006884700
   0.0000443900    0.0000225700   -0.0006428900
  -0.0000134500   -0.0000033200   -0.0006319300
  -0.0000154000    0.0000060200   -0.0006711700
   0.0000122900    0.0000002200   -0.0006655600
   0.0000065800   -0.0000051700   -0.0006749900
  -0.0000299500    0.0000174400   -0.0007256800
  -0.0000142200   -0.0000026900   -0.0006453100
  -0.0000134300   -0.0000030200   -0.0006408800
   0.0000990400    0.0000004200   -0.0006456700
  -0.0000668700   -0.0000413100   -0.0005792500
  -0.0054265900    0.0080401800    0.0259321900
  -0.0002343400    0.0004653400    0.0011837100
   0.0000751900   -0.0000106600    0.0004377200
   0.0009439000   -0.0005654000    0.0010713900
   0.0522146600    0.0252322600    0.0585077700
   0.0085056200   -0.0333895500    0.0423455900
  -0.0012862100    0.0005959000    0.0021250500
  -0.0002204400   -0.0000626500    0.0004225900
   0.0001162300    0.0001301100    0.0003372700
   0.0018480300   -0.0024029800    0.0027789000
   0.0006506800   -0.0002894600    0.0010855800
  -0.0000189600   -0.0006998300    0.0011797000
  -0.0001367800   -0.0001851700    0.0004480400
  -0.0000246600   -0.0000021900    0.0004125000
  -0.0000325400   -0.0001481500    0.0003100200
   0.0000126500   -0.0000285800    0.0004956400
  -0.0000323500    0.0000124500    0.0004968500
   0.0000108400    0.0000446900    0.0003786500
   0.0001484800    0.0001207700    0.0004049500
  -0.0000862100    0.0001422300    0.0003521600
  -0.0001869200    0.0001477800    0.0011407400
  -0.0000463800    0.0000170200    0.0004781800
  -0.0000542400   -0.0000037100    0.0005183600
   0.0003202000    0.0009357600    0.0011224600
  -0.0023164000    0.0018164600    0.0024542300
   0.0527517500   -0.0256373800    0.0595178900
   0.0009047300    0.0004606000    0.0014596300
   0.0000525700    0.0000466800    0.0007764000
  -0.0001974600   -0.0004995500    0.0016276200
  -0.0049340100   -0.0076757300    0.0255657900
   0.0083540600    0.0331832300    0.0424093400
   0.0020331000    0.0024965300    0.0030259400
   0.0001140700   -0.0001643700    0.0006583900
  -0.0002200100    0.0000447000    0.0007816400
  -0.0014121300   -0.0005106200    0.0021870300
   0.0000225100    0.0006910000    0.0016159400
   0.0005419800    0.0002704600    0.0014536500
  -0.0000347800    0.0001641900    0.0006316900
  -0.0000127300   -0.0000025700    0.0007711200
  -0.0001122100    0.0001715000    0.0007989900
  -0.0000436000   -0.0000481900    0.0007200100
  -0.0000112300   -0.0000245400    0.0008322300
   0.0000429800    0.0000128800    0.0008274900
  -0.0000984100   -0.0001447300    0.0006945700
   0.0001593800   -0.0000793200    0.0007385900
   0.0003724600   -0.0008651800    0.0015395900
  -0.0000681400    0.0000409000    0.0008656100
  -0.0000125400    0.0000072900    0.0007980500
  -0.0002039700   -0.0000512000    0.0015452800
  -0.0022937300   -0.0019803700    0.0026063100
   0.0001945700   -0.0000019400   -0.0014654900
   0.0000428600    0.0001691800   -0.0004102900
   0.0000154000    0.0000056000   -0.0007496800
  -0.0000004900    0.0000054500   -0.0007611800
  -0.0000015000    0.0000959600   -0.0004940600
  -0.0000495300   -0.0000488900   -0.0004080400
   0.0002064400   -0.0000371100   -0.0005032500
  -0.0000251900    0.0000065900   -0.0008375300
  -0.0000093700   -0.0000037000   -0.0007529300
  -0.0000454700    0.0000187500   -0.0007916000
  -0.0000195400    0.0000191600   -0.0007593100
  -0.0000055900    0.0000764900   -0.0007682000
   0.0000106300   -0.0000041600   -0.0007493700
  -0.0000114600    0.0000083800   -0.0007538600
   0.0000066300    0.0000164000   -0.0007402600
   0.0000073000   -0.0000329100   -0.0007580500
   0.0000000500   -0.0000035400   -0.0007817700
  -0.0000102300    0.0000061600   -0.0007745300
   0.0000157800   -0.0000005800   -0.0007597300
  -0.0000248100   -0.0000182600   -0.0008149500
  -0.0000921900   -0.0000590800   -0.0003622600
   0.0000689400   -0.0000493600   -0.0007265500
   0.0000033300   -0.0000123200   -0.0007753900
  -0.0000575200   -0.0000362900   -0.0008126900
   0.0001177600   -0.0001283800   -0.0005413400
   0.0000080100   -0.0000041000   -0.0005001700
  -0.0000068100   -0.0000380300   -0.0004136600
  -0.0000112600   -0.0000214700   -0.0004344100
   0.0000094400   -0.0000229300   -0.0004386600
   0.0000083400   -0.0000171400   -0.0004143400
   0.0000189100    0.0000080100   -0.0004220100
  -0.0000327500    0.0000153300   -0.0004099500
  -0.0000300200   -0.0000102200   -0.0004284600
  -0.0000016500   -0.0000018200   -0.0004371000
   0.0000170400   -0.0000029800   -0.0004351400
   0.0000189000    0.0000056400   -0.0004351000
  -0.0000086600   -0.0000008900   -0.0004181000
  -0.0000212900    0.0000071700   -0.0004296700
  -0.0000104400    0.0000118400   -0.0004345400
   0.0000048600    0.0000105400   -0.0004309700
   0.0000085400    0.0000149400   -0.0004365300
  -0.0000002500   -0.0000032300   -0.0004347900
   0.0000012500   -0.0000047100   -0.0004348200
  -0.0000133000    0.0000153300   -0.0004352400
  -0.0000001600    0.0000225900   -0.0004292000
   0.0000193300    0.0000121700   -0.0004162800
  -0.0000114900   -0.0000069300   -0.0004175700
  -0.0000008100   -0.0000058200   -0.0004354600
   0.0000024500   -0.0000020700   -0.0004268100
  -0.0000137200    0.0000113700   -0.0004048400

1    
 -0.0051571433359870   0.0000000000044507  -0.0085676060023839
   0.1396147000    0.0002751200    0.2465126700
  -0.0064283100    0.0060193400    0.0060757900
  -0.0008006500   -0.0000913300    0.0001293400
  -0.0008526000    0.0000696900    0.0001441900
  -0.0064551500   -0.0061311900    0.0058023700
  -0.0027625300    0.0080965200    0.0058520600
  -0.0028931800   -0.0082181700    0.0060335200
  -0.0001854000    0.0004926800    0.0004060000
  -0.0000019600   -0.0000402600    0.0006779000
  -0.0002689100   -0.0004721200    0.0004221400
   0.0000450200    0.0004466500    0.0001453800
  -0.0010632800    0.0000264400    0.0003995500
   0.0000356100   -0.0003935400    0.0001158600
  -0.0000330600    0.0000164000    0.0006691000
   0.0000166100    0.0000091200    0.0006961200
   0.0000684900    0.0005722800    0.0001294900
   0.0000087400    0.0000116700    0.0006881700
  -0.0000250500    0.0000190300    0.0006463200
   0.0000123400   -0.0005895700    0.0001148600
  -0.0010627300   -0.0000406500    0.0003971200
  -0.0028305300   -0.0039131900    0.0059930400
  -0.0001989900   -0.0004944900    0.0003815300
  -0.0000017800   -0.0000202800    0.0006765200
  -0.0002542000    0.0004716600    0.0004200000
  -0.0028296400    0.0040654100    0.0059011000
  -0.0002180900    0.0001196900   -0.0008047500
   0.0000331300   -0.0000524000   -0.0006776700
   0.0000020300    0.0000261800   -0.0007500900
  -0.0000495000   -0.0000613700   -0.0007240000
   0.0002283200    0.0001506600   -0.0005353400
  -0.0000216200   -0.0002613300   -0.0006559300
  -0.0000497100   -0.0000613200   -0.0008372700
  -0.0000098000   -0.0000071300   -0.0007184500
   0.0000036200   -0.0000171500   -0.0007181400
   0.0000167700    0.0000364700   -0.0007986800
   0.0000059000    0.0000529800   -0.0006915900
  -0.0000519300    0.0000805900   -0.0007227100
  -0.0000073200    0.0000080800   -0.0007352900
  -0.0000002200    0.0000084100   -0.0007083300
   0.0000106000    0.0000035800   -0.0007256200
  -0.0000289800   -0.0000208800   -0.0007568400
   0.0000167900    0.0000045400   -0.0007453900
   0.0000046700   -0.0000046400   -0.0007288700
  -0.0000197700    0.0000033900   -0.0007213900
   0.0000058000    0.0000089900   -0.0007119800
   0.0000347900   -0.0000161900   -0.0006579800
   0.0000227600   -0.0000066900   -0.0007546600
   0.0000098400   -0.0000071700   -0.0007584700
  -0.0000978000    0.0000003000   -0.0007354300
   0.0000684100    0.0000290900   -0.0008285700
   0.0054784000   -0.0080638600   -0.0252223400
   0.0002017300   -0.0004453100   -0.0003256600
  -0.0000746300    0.0000243200    0.0004323100
  -0.0009490600    0.0005591600   -0.0002190400
  -0.0543141200   -0.0264684400   -0.0596888900
  -0.0084794400    0.0344025300   -0.0423205300
   0.0012589700   -0.0005932900   -0.0012691900
   0.0002217600    0.0000689100    0.0004468700
  -0.0001225800   -0.0001266200    0.0005341500
  -0.0018949100    0.0024164200   -0.0019123100
  -0.0006633100    0.0002683400   -0.0002031800
   0.0000172100    0.0006524100   -0.0003315800
   0.0001490900    0.0001751100    0.0004186200
   0.0000268000   -0.0000022700    0.0004589900
   0.0000210800    0.0001436700    0.0005606300
  -0.0000391300    0.0000279800    0.0003711400
   0.0000327200   -0.0000089000    0.0003672100
   0.0000198700   -0.0000471100    0.0004923300
  -0.0001379600   -0.0001219000    0.0004618800
   0.0000761100   -0.0001424900    0.0005165400
   0.0001563100   -0.0001294400   -0.0002575200
   0.0000384500    0.0000055300    0.0003889100
   0.0000673800    0.0000288500    0.0003483100
  -0.0003157900   -0.0009113300   -0.0002793200
   0.0022885800   -0.0018139100   -0.0015885100
  -0.0506842800    0.0244266800   -0.0559430800
  -0.0008978600   -0.0004600200    0.0000723900
  -0.0000499900   -0.0000228900    0.0007423500
   0.0002351000    0.0005249200   -0.0000985700
   0.0048889300    0.0076542400   -0.0238773600
  -0.0083726300   -0.0321959500   -0.0400308500
  -0.0019801000   -0.0024864300   -0.0015037100
  -0.0001053300    0.0001681600    0.0008699700
   0.0002203700   -0.0000387400    0.0007492800
   0.0014401300    0.0005084000   -0.0006488200
  -0.0000179000   -0.0007361800   -0.0000857900
  -0.0005260400   -0.0002905300    0.0000417200
   0.0000571300   -0.0001745000    0.0008865800
   0.0000128500   -0.0000026800    0.0007569300
   0.0000936400   -0.0001860100    0.0007233200
   0.0000175400    0.0000462600    0.0007917100
   0.0000131700    0.0000279700    0.0006831300
  -0.0000162200   -0.0000122600    0.0006877200
   0.0001158800    0.0001445500    0.0008274600
  -0.0001720700    0.0000778600    0.0007848400
  -0.0003838700    0.0008926500    0.0000073600
   0.0000581800   -0.0000180600    0.0006494800
   0.0000227400    0.0000134600    0.0007160000
   0.0002475000    0.0000744700   -0.0000361500
   0.0023239600    0.0019828300   -0.0010763100
  -0.0001905300   -0.0000019900   -0.0000223600
  -0.0000688600   -0.0001809800   -0.0011017800
  -0.0000286000   -0.0000280400   -0.0007541300
   0.0000117700   -0.0000276400   -0.0007426500
   0.0000187400   -0.0001059800   -0.0010133600
   0.0000618600    0.0000449400   -0.0011080700
  -0.0002261600    0.0000304900   -0.0010141300
  -0.0000009000   -0.0000070400   -0.0006666200
   0.0000082900    0.0000027800   -0.0007636700
   0.0000693500   -0.0000200200   -0.0007140200
   0.0000309400   -0.0000123100   -0.0007425800
   0.0000049000   -0.0000742500   -0.0007391500
  -0.0000245800    0.0000116100   -0.0007520400
  -0.0000023500    0.0000132100   -0.0007509200
   0.0000043700    0.0000048200   -0.0007646000
  -0.0000023300    0.0000402900   -0.0007528200
   0.0000007800    0.0000013500   -0.0007262200
   0.0000063700   -0.0000080400   -0.0007335300
  -0.0000232700    0.0000080500   -0.0007509000
   0.0000229600    0.0000338800   -0.0006906900
   0.0000861800    0.0000669700   -0.0011483100
  -0.0000739000    0.0000390800   -0.0007832900
  -0.0000045500   -0.0000032300   -0.0007271200
   0.0000605800    0.0000257300   -0.0006978500
  -0.0001158800    0.0001356200   -0.0009661400
  -0.0000093700   -0.0000041700   -0.0003400400
  -0.0000122700    0.0000271800   -0.0004345300
  -0.0000023600   -0.0000011300   -0.0004185300
   0.0000013400    0.0000003500   -0.0004145400
   0.0000075600    0.0000062900   -0.0004337500
  -0.0000062600   -0.0000089200   -0.0004301900
   0.0000166400   -0.0000164600   -0.0004419900
   0.0000036800    0.0000098600   -0.0004247100
   0.0000002700    0.0000010300   -0.0004245300
   0.0000064900    0.0000023300   -0.0004181300
  -0.0000034700    0.0000036100   -0.0004096700
   0.0000071800    0.0000067400   -0.0004251400
   0.0000028700    0.0000017600   -0.0004151200
  -0.0000037800    0.0000090200   -0.0004184100
   0.0000064200    0.0000102200   -0.0004220200
  -0.0000028300   -0.0000031500   -0.0004152400
   0.0000043200   -0.0000007800   -0.0004088800
  -0.0000082900    0.0000008400   -0.0004089100
   0.0000048600   -0.0000033600   -0.0004165300
  -0.0000013900   -0.0000030900   -0.0004188600
  -0.0000274700   -0.0000090500   -0.0004252300
   0.0000027300   -0.0000060500   -0.0004334300
  -0.0000006200   -0.0000140500   -0.0004095600
   0.0000033000   -0.0000108500   -0.0004250500
   0.0000187100   -0.0000079600   -0.0004361600

51   
  0.0051571433359870  -0.0000000000044507   0.0085676060023839
  -0.0039224800    0.0071895600    0.0252850600
   0.0528705800    0.0256053900    0.0617660300
   0.0002997100    0.0002888300    0.0017425600
   0.0000713000   -0.0001030900    0.0006942100
   0.0004287500   -0.0001656900    0.0010280800
   0.0000585700    0.0002461600    0.0012310500
  -0.0023174900    0.0006097000    0.0026958200
   0.0000907200   -0.0004377400    0.0015416500
  -0.0000205400    0.0000071200    0.0007458100
  -0.0000980300    0.0000257800    0.0007612100
   0.0001029800    0.0000168900    0.0006971400
  -0.0000167100   -0.0001661700    0.0005508300
   0.0000799600   -0.0000635300    0.0006953000
  -0.0000802800    0.0000861400    0.0006848000
  -0.0000431200   -0.0000464400    0.0007562000
   0.0002360500   -0.0005037400    0.0015807700
  -0.0002124600    0.0000949500    0.0006531600
  -0.0000227300    0.0000025600    0.0006508600
   0.0000321800   -0.0000638200    0.0005851800
   0.0004014100    0.0005668500    0.0011769500
   0.0085259500   -0.0326027600    0.0433497300
   0.0008138800   -0.0018098500    0.0036612000
  -0.0001257800    0.0001383300    0.0007302100
   0.0000187100    0.0000581400    0.0005177300
  -0.0002547000    0.0011890500    0.0017420700
   0.0000154400    0.0000035600   -0.0007837200
   0.0000047500    0.0000064600   -0.0006820200
   0.0000044400    0.0000031500   -0.0007194300
  -0.0000041600   -0.0000017700   -0.0007006300
  -0.0000032100    0.0000153800   -0.0006941200
  -0.0000147300    0.0000028600   -0.0006677400
   0.0000017500   -0.0000063900   -0.0006938900
  -0.0000060200   -0.0000037900   -0.0007071400
   0.0000070900   -0.0000066400   -0.0007008100
  -0.0000067700    0.0000114300   -0.0006918500
  -0.0000004100    0.0000068600   -0.0007025800
  -0.0000098700    0.0000148500   -0.0006964700
   0.0000038400    0.0000036300   -0.0007239700
  -0.0000037700    0.0000108600   -0.0007016100
   0.0000033800    0.0000025100   -0.0007121400
   0.0000049100   -0.0000039000   -0.0007051400
   0.0000027600    0.0000014400   -0.0007033500
  -0.0000041300    0.0000000200   -0.0007102900
  -0.0000045400   -0.0000026900   -0.0007077100
   0.0000069000   -0.0000044300   -0.0006986800
  -0.0000040000   -0.0000150500   -0.0006669100
   0.0000080700   -0.0000115400   -0.0006983900
  -0.0000018600   -0.0000049800   -0.0007124100
  -0.0000108700   -0.0000015900   -0.0006839300
   0.0000141100   -0.0000021700   -0.0007051800
  -0.0628288500   -0.0002125700   -0.1330623800
   0.0028276200   -0.0001503600   -0.0025774200
  -0.0000294800    0.0000600800    0.0001882300
   0.0000358900    0.0000842300    0.0001525100
   0.0040530800   -0.0004495200   -0.0033059400
   0.0010532800   -0.0019687900   -0.0029631900
  -0.0001018100    0.0011700600   -0.0029224500
  -0.0000221300    0.0000067000    0.0004335300
   0.0000347600    0.0000262600    0.0003891400
  -0.0002290100    0.0001095400    0.0004852300
  -0.0000335300   -0.0000768800    0.0001263700
  -0.0000255600    0.0000386400    0.0004572700
   0.0000642500   -0.0000580900    0.0002141000
   0.0000447500   -0.0000066100    0.0003858100
  -0.0000029900   -0.0000226700    0.0003916700
  -0.0000713000    0.0000149700    0.0001435900
   0.0000293100   -0.0000042700    0.0003752300
   0.0000316600    0.0000108100    0.0004012100
   0.0000947300   -0.0000271800    0.0001955400
  -0.0000364500   -0.0001174000    0.0004581500
   0.0004071300   -0.0011545900   -0.0026001600
  -0.0000901500    0.0000421000    0.0003929600
   0.0000435200    0.0000058400    0.0003886600
  -0.0001631200   -0.0000746200    0.0005225500
   0.0005310700    0.0025594900   -0.0032878900
  -0.0017567900   -0.0000022600    0.0162035000
   0.0024171900   -0.0020592600    0.0022297400
   0.0000246300   -0.0000544500    0.0007662000
   0.0000431300    0.0001354200    0.0007942200
  -0.0007454300   -0.0006016800    0.0002836600
  -0.0002659800    0.0004317500    0.0000963200
  -0.0009990300    0.0036503500    0.0024199200
   0.0001630600    0.0000850100    0.0004676100
  -0.0000066200    0.0000300000    0.0007748400
  -0.0000180900    0.0000132900    0.0005156000
  -0.0000756800   -0.0001730800    0.0008100000
   0.0000173700   -0.0000414500    0.0004906300
  -0.0000124800    0.0001125700    0.0007458500
   0.0000294800   -0.0000218300    0.0007776400
  -0.0000292800   -0.0000140600    0.0007672500
  -0.0000878000    0.0000420400    0.0007966300
   0.0000040800    0.0000059100    0.0007869400
   0.0000140900   -0.0000040100    0.0007554300
  -0.0000054000   -0.0000607300    0.0007604900
   0.0000104300   -0.0001016700    0.0004896100
   0.0012800300   -0.0008020200    0.0010643600
   0.0000465500   -0.0000127600    0.0005665800
   0.0000004700    0.0000098500    0.0007711100
   0.0001154500    0.0000607100    0.0004198000
  -0.0026016400   -0.0005966700    0.0014417800
   0.0000070100   -0.0000061200   -0.0007331200
  -0.0000246300   -0.0000138100   -0.0007359600
  -0.0000323100   -0.0000281400   -0.0007463700
   0.0000068700   -0.0000079400   -0.0007487200
   0.0000088900   -0.0000160700   -0.0007510600
   0.0000111900    0.0000035600   -0.0007491100
  -0.0000149900   -0.0000013200   -0.0007830600
  -0.0000453200   -0.0000136500   -0.0007515500
   0.0000058100    0.0000039200   -0.0007519800
   0.0000149300   -0.0000027900   -0.0007528700
   0.0000032600    0.0000013000   -0.0007501300
   0.0000120300   -0.0000054800   -0.0007393800
  -0.0000135500   -0.0000018900   -0.0007496600
  -0.0000038000    0.0000095700   -0.0007464200
   0.0000045300    0.0000086900   -0.0007495100
   0.0000052500    0.0000191900   -0.0007468900
  -0.0000012100    0.0000122600   -0.0007485300
  -0.0000007300   -0.0000009900   -0.0007480900
  -0.0000046400    0.0000131200   -0.0007450600
  -0.0000086700    0.0000310300   -0.0007540400
  -0.0000021200    0.0000141500   -0.0007346900
  -0.0000111400   -0.0000056200   -0.0008181000
  -0.0000108900   -0.0000105700   -0.0007522700
   0.0000110900   -0.0000129400   -0.0007384700
  -0.0000056600    0.0000019900   -0.0007444500
   0.0000019900   -0.0000083000   -0.0004066700
  -0.0000103000   -0.0000032200   -0.0004123000
  -0.0000061300   -0.0000093200   -0.0004252200
   0.0000075200   -0.0000100000   -0.0004254100
   0.0000113900   -0.0000039800   -0.0004208800
   0.0000072000   -0.0000029100   -0.0004241200
  -0.0000106100   -0.0000033100   -0.0004280600
  -0.0000109000   -0.0000017500   -0.0004239400
  -0.0000006300   -0.0000007200   -0.0004302500
   0.0000145200   -0.0000014200   -0.0004243500
   0.0000073800    0.0000031400   -0.0004218200
  -0.0000008300    0.0000028500   -0.0004232100
  -0.0000083200    0.0000046100   -0.0004232500
  -0.0000053100    0.0000106000   -0.0004246700
   0.0000063600    0.0000119800   -0.0004251100
   0.0000018200    0.0000059600   -0.0004250100
   0.0000022200   -0.0000024700   -0.0004230200
  -0.0000042100   -0.0000019500   -0.0004182400
  -0.0000036700    0.0000055400   -0.0004269000
   0.0000026200    0.0000104000   -0.0004204400
  -0.0000085900    0.0000036200   -0.0004077900
  -0.0000089200   -0.0000054400   -0.0004295900
   0.0000000000   -0.0000095800   -0.0004234400
   0.0000031300   -0.0000060500   -0.0004272500
   0.0000030500    0.0000034500   -0.0004210600

51   
 -0.0051571433359870   0.0000000000044507  -0.0085676060023839
   0.0039472900   -0.0071628800   -0.0240428800
  -0.0506290900   -0.0243447700   -0.0582576300
  -0.0002472700   -0.0002688500   -0.0003589200
  -0.0000782300    0.0001254700    0.0006886100
  -0.0004816200    0.0001745800    0.0003285400
  -0.0000846800   -0.0002237100    0.0001251400
   0.0022876100   -0.0006342900   -0.0013478300
  -0.0000590700    0.0004551800   -0.0001536600
   0.0000158900   -0.0000097300    0.0006268500
   0.0000728400   -0.0000351400    0.0006203200
  -0.0001162100   -0.0000233400    0.0006731700
   0.0000107300    0.0001503100    0.0007961100
  -0.0000710700    0.0000537300    0.0006706300
   0.0000966000   -0.0001023800    0.0006975900
   0.0000223800    0.0000311300    0.0006262900
  -0.0002179500    0.0004625800   -0.0002261000
   0.0001900900   -0.0000911500    0.0006935100
   0.0000288400    0.0000025100    0.0006972100
  -0.0000302200    0.0000598300    0.0007654300
  -0.0004222900   -0.0006052900    0.0001826000
  -0.0084613700    0.0316882600   -0.0413178000
  -0.0008616000    0.0018161200   -0.0022751300
   0.0001194300   -0.0001210000    0.0006355600
  -0.0000225200   -0.0000540800    0.0008329500
   0.0002242700   -0.0011929900   -0.0004090200
  -0.0000019000    0.0000035600   -0.0006241900
   0.0000005100   -0.0000143700   -0.0007042900
  -0.0000017900   -0.0000047500   -0.0006949600
   0.0000035000   -0.0000068400   -0.0006862500
  -0.0000045900   -0.0000081700   -0.0007134200
   0.0000174600    0.0000004200   -0.0007109300
  -0.0000058800    0.0000155400   -0.0006922600
  -0.0000051200   -0.0000027300   -0.0006832200
   0.0000089400    0.0000002000   -0.0006890600
   0.0000158600   -0.0000022600   -0.0006947100
   0.0000096500    0.0000057200   -0.0006971100
   0.0000062100   -0.0000020300   -0.0007033900
  -0.0000041100   -0.0000008900   -0.0006905900
   0.0000062900    0.0000060400   -0.0006883200
   0.0000015500    0.0000003200   -0.0007019400
   0.0000105900    0.0000054000   -0.0006946200
   0.0000002500   -0.0000001100   -0.0006740000
  -0.0000065600    0.0000014400   -0.0006895200
  -0.0000030900    0.0000062800   -0.0006793800
   0.0000059000    0.0000080400   -0.0006881500
   0.0000074600    0.0000156600   -0.0007116000
   0.0000012200    0.0000016200   -0.0007012400
  -0.0000017500   -0.0000050400   -0.0006873500
   0.0000113900    0.0000019000   -0.0006949300
  -0.0000113500   -0.0000084000   -0.0007020800
   0.0606785500   -0.0001911900    0.1310700700
  -0.0027796300    0.0001687200    0.0033882900
   0.0000303300   -0.0000477800    0.0006765100
  -0.0000245800   -0.0000771100    0.0007131300
  -0.0040736000    0.0004441100    0.0041770600
  -0.0010574400    0.0019441200    0.0038240600
   0.0000976300   -0.0011676600    0.0037383200
   0.0000245500   -0.0000051600    0.0004359400
  -0.0000372800   -0.0000225200    0.0004802400
   0.0002313000   -0.0001177500    0.0003835100
   0.0000220100    0.0000515700    0.0007392200
   0.0000413000   -0.0000614000    0.0004075600
  -0.0000539300    0.0000520800    0.0006499400
  -0.0000427000    0.0000022000    0.0004836400
  -0.0000061700    0.0000170000    0.0004758500
   0.0000444000   -0.0000142000    0.0007203400
  -0.0000273900    0.0000045500    0.0004916700
  -0.0000023900   -0.0000111600    0.0004667600
  -0.0000835800    0.0000323600    0.0006676000
   0.0000304900    0.0001214600    0.0004084400
  -0.0004433900    0.0011502700    0.0034285600
   0.0000767000   -0.0000156400    0.0004680200
  -0.0000285300    0.0000189300    0.0004798000
   0.0001768400    0.0000830600    0.0003484000
  -0.0005291900   -0.0025345100    0.0041315300
   0.0017118400   -0.0000022000   -0.0144278700
  -0.0024124300    0.0020816300   -0.0006793500
  -0.0000224400    0.0000762400    0.0007561500
  -0.0000336100   -0.0001227200    0.0007279000
   0.0007810600    0.0006219000    0.0012289600
   0.0002605800   -0.0004909900    0.0014101100
   0.0009954500   -0.0036146700   -0.0008577700
  -0.0001579500   -0.0000833100    0.0010571600
   0.0000039700   -0.0000263300    0.0007535300
   0.0000121500   -0.0000214900    0.0010055800
   0.0000633300    0.0001505300    0.0007056200
  -0.0000021700    0.0000242300    0.0010260600
   0.0000311300   -0.0001218100    0.0007742400
  -0.0000273900    0.0000170300    0.0007505300
   0.0000111900    0.0000031100    0.0007519200
   0.0000627200   -0.0000430300    0.0007203400
  -0.0000019800   -0.0000053800    0.0007276600
   0.0000130900    0.0000042800    0.0007585300
   0.0000200000    0.0000622400    0.0007606900
  -0.0000192900    0.0001011200    0.0010294300
  -0.0013445400    0.0008162000    0.0004509400
  -0.0000492300    0.0000312700    0.0009488600
   0.0000138900    0.0000127800    0.0007428700
  -0.0000942400   -0.0000490700    0.0011081100
   0.0025977600    0.0006073700    0.0000915200
  -0.0000082000    0.0000029300   -0.0007732800
   0.0000086400    0.0000050200   -0.0007674400
   0.0000183800    0.0000057400   -0.0007569000
   0.0000047200   -0.0000144500   -0.0007554600
   0.0000044500    0.0000068600   -0.0007531200
  -0.0000022700   -0.0000036500   -0.0007611800
   0.0000035200    0.0000014800   -0.0007280400
   0.0000181100    0.0000127100   -0.0007520300
  -0.0000069000   -0.0000045800   -0.0007641600
   0.0000088300    0.0000017500   -0.0007514100
   0.0000083200    0.0000053300   -0.0007520200
  -0.0000132000    0.0000074000   -0.0007677400
  -0.0000008600    0.0000086300   -0.0007522300
  -0.0000099200    0.0000117700   -0.0007579200
   0.0000064200    0.0000124100   -0.0007548700
  -0.0000008600   -0.0000117300   -0.0007632000
   0.0000022900   -0.0000142400   -0.0007588600
  -0.0000028100   -0.0000010500   -0.0007592500
  -0.0000026300   -0.0000049900   -0.0007658600
   0.0000069300   -0.0000144100   -0.0007503800
  -0.0000015800   -0.0000138300   -0.0007705100
   0.0000058700   -0.0000047400   -0.0006929700
   0.0000096000   -0.0000052100   -0.0007497100
  -0.0000077100    0.0000026200   -0.0007721200
   0.0000062700   -0.0000018400   -0.0007597300
  -0.0000033900    0.0000001100   -0.0004340400
  -0.0000085200   -0.0000076200   -0.0004353900
  -0.0000073400   -0.0000130500   -0.0004277900
   0.0000033700   -0.0000124500   -0.0004277300
   0.0000046200   -0.0000068300   -0.0004269700
   0.0000055600    0.0000019900   -0.0004276000
  -0.0000051300    0.0000023900   -0.0004239100
  -0.0000153600    0.0000012600   -0.0004291400
  -0.0000008000   -0.0000000900   -0.0004313300
   0.0000090400    0.0000008800   -0.0004287100
   0.0000080100    0.0000057900   -0.0004229400
  -0.0000006900    0.0000028700   -0.0004204500
  -0.0000097700    0.0000043500   -0.0004216200
  -0.0000088300    0.0000101600   -0.0004282400
   0.0000049700    0.0000088100   -0.0004278600
   0.0000036800    0.0000056500   -0.0004267500
   0.0000019900   -0.0000016300   -0.0004204200
  -0.0000029300   -0.0000020700   -0.0004254000
  -0.0000046600    0.0000061300   -0.0004248600
  -0.0000039400    0.0000089800   -0.0004273500
   0.0000006900   -0.0000005200   -0.0004330200
   0.0000000900   -0.0000074800   -0.0004222400
  -0.0000013400   -0.0000103600   -0.0004214100
   0.0000027600   -0.0000067800   -0.0004246900
   0.0000019200   -0.0000004000   -0.0004199500

76   
  0.0051571433359870  -0.0000000000044507   0.0085676060023839
   0.0497134400   -0.0238852000    0.0578654500
  -0.0040200100   -0.0071361500    0.0249102300
   0.0005006400    0.0002082000    0.0011266000
   0.0000492600    0.0001124800    0.0007044200
   0.0001671600   -0.0003087300    0.0017849900
   0.0000454900    0.0004944600    0.0016306800
  -0.0022907000   -0.0008253200    0.0025158000
   0.0001147400   -0.0001734000    0.0012835800
  -0.0000970600   -0.0000485600    0.0007716800
   0.0000044200   -0.0000220000    0.0007494000
  -0.0000952300   -0.0000848700    0.0006805100
   0.0000631200    0.0000742900    0.0007117000
  -0.0000011400    0.0001883800    0.0005566000
   0.0000950300   -0.0000278900    0.0007224900
  -0.0000232800    0.0000568700    0.0007624700
   0.0004025200   -0.0006284700    0.0012919000
   0.0000560800    0.0000573400    0.0006117000
  -0.0000075600    0.0000025200    0.0006806900
  -0.0002065100   -0.0001329300    0.0006478300
   0.0001421400    0.0004033600    0.0016031900
   0.0083420500    0.0311951800    0.0415536700
  -0.0004107200   -0.0010876700    0.0014941000
   0.0000455600   -0.0000787400    0.0005388100
  -0.0001557500   -0.0001105400    0.0007300400
   0.0010066500    0.0019011800    0.0035346900
   0.0002017200    0.0000039000   -0.0014258700
   0.0000990900   -0.0000962600   -0.0003681500
   0.0000190100   -0.0000153300   -0.0007021000
  -0.0000020100    0.0000183500   -0.0007058700
  -0.0000526500   -0.0001689700   -0.0004200200
   0.0001609100    0.0001259900   -0.0004681600
   0.0000009600    0.0001382300   -0.0003047900
  -0.0000793000   -0.0000319300   -0.0007427700
  -0.0000008600   -0.0000162700   -0.0006891600
   0.0000083500   -0.0000111700   -0.0007690200
  -0.0000076500    0.0000056200   -0.0007166600
  -0.0000069600    0.0000889900   -0.0007143600
   0.0000043100    0.0000147200   -0.0006976400
  -0.0000119900    0.0000109700   -0.0006907600
   0.0000118000    0.0000119400   -0.0006995000
   0.0000210500   -0.0000071000   -0.0007079900
  -0.0000093000   -0.0000076900   -0.0007098700
  -0.0000041300    0.0000022300   -0.0007257900
   0.0000070200   -0.0000110100   -0.0006927200
  -0.0000173900    0.0000463700   -0.0007550700
   0.0001666100    0.0000360100   -0.0004481000
   0.0000823600   -0.0000527800   -0.0006747500
   0.0000019300    0.0000019300   -0.0007235000
  -0.0000647900   -0.0000344500   -0.0007435000
  -0.0001359300   -0.0000335700   -0.0003366600
  -0.0017170300   -0.0000020800    0.0156246700
  -0.0007897400    0.0005463100   -0.0000250000
   0.0000535400   -0.0001390700    0.0004582800
   0.0000096400    0.0000484900    0.0004473700
   0.0024252800    0.0020253000    0.0018681300
  -0.0009421300   -0.0035856700    0.0020854200
  -0.0003321700   -0.0004664600   -0.0002444000
  -0.0000477700   -0.0000325400    0.0001853700
  -0.0000088900   -0.0000280500    0.0004497500
   0.0002026300   -0.0001157800    0.0001515400
  -0.0000178400   -0.0001058100    0.0004341000
   0.0000228200    0.0000385300    0.0001632100
  -0.0000697300    0.0001821100    0.0004716300
  -0.0000232200    0.0000074700    0.0004491100
   0.0000225900    0.0000173400    0.0004496400
  -0.0000037800    0.0000586900    0.0004394700
  -0.0000002900    0.0000030100    0.0004291000
   0.0000231400   -0.0000086500    0.0004593600
  -0.0000954100   -0.0000485200    0.0004660300
   0.0000054200    0.0001468200    0.0001680500
  -0.0025379400    0.0006421100    0.0011451600
   0.0001094900   -0.0000454400    0.0001091000
   0.0000012900    0.0000181100    0.0004449500
   0.0000341700    0.0000111300    0.0002195700
   0.0012981800    0.0008630800    0.0007085600
  -0.0608101700   -0.0001965200   -0.1298836100
   0.0042654800    0.0004934000   -0.0027600100
  -0.0000106900   -0.0000381800    0.0004683300
  -0.0000128400   -0.0000085200    0.0004751900
   0.0031271700    0.0003195500   -0.0020584700
  -0.0001076900   -0.0014862700   -0.0024396300
   0.0011425900    0.0020225700   -0.0023764100
  -0.0002110300   -0.0001206300    0.0007955800
   0.0000310300   -0.0000011200    0.0007021200
  -0.0000237200    0.0000061600    0.0007128000
   0.0000262500    0.0000020600    0.0004867800
   0.0000058100   -0.0000881100    0.0007493700
  -0.0000099700    0.0000198700    0.0004533500
   0.0000152700    0.0000080000    0.0006996800
   0.0000107100   -0.0000128100    0.0007000600
   0.0000228500    0.0000427400    0.0004843100
   0.0000220800   -0.0000063500    0.0006956900
   0.0000264300    0.0000114900    0.0006922500
  -0.0000160000   -0.0000151300    0.0004576900
  -0.0000074900    0.0001110300    0.0007529900
   0.0004275400   -0.0025911200   -0.0027880500
  -0.0001896600    0.0001173600    0.0008054100
   0.0000396600    0.0000066200    0.0006937800
  -0.0000376000   -0.0000205700    0.0006986600
   0.0005964900    0.0012465200   -0.0020232900
  -0.0006460100    0.0002921900   -0.0004571800
   0.0010476000    0.0006859400    0.0005882200
  -0.0000294200   -0.0000359300   -0.0008131800
   0.0000022000   -0.0000206200   -0.0007528400
   0.0000888500   -0.0000655300   -0.0007510100
   0.0000983700   -0.0000414900   -0.0007472600
  -0.0001303400    0.0001507500   -0.0009216200
  -0.0000457200   -0.0000066200   -0.0008202100
  -0.0000003600    0.0000037400   -0.0007455900
   0.0000103800   -0.0000035300   -0.0007404300
   0.0000175600    0.0000121600   -0.0007470800
   0.0000168200   -0.0000086800   -0.0007467600
  -0.0000327400   -0.0000150800   -0.0007695400
  -0.0000113900    0.0000112200   -0.0007578700
  -0.0000013100    0.0000095400   -0.0007401400
   0.0000125200    0.0000710500   -0.0007783300
   0.0000106600    0.0000203000   -0.0007608400
   0.0000011800   -0.0000010000   -0.0007296700
   0.0000092600    0.0000340600   -0.0007602100
  -0.0000123800    0.0000743000   -0.0007892500
  -0.0001401700   -0.0009807000    0.0000628300
   0.0001489300   -0.0001648800   -0.0008433700
  -0.0000199000   -0.0000285500   -0.0007708400
   0.0000282800   -0.0000076300   -0.0007473200
  -0.0001089600    0.0000086500   -0.0009959500
  -0.0000018800   -0.0000034600   -0.0003950200
  -0.0000174500   -0.0000099100   -0.0004127200
  -0.0000151000   -0.0000280200   -0.0004315400
   0.0000064800   -0.0000066300   -0.0004232000
  -0.0000070300   -0.0000041700   -0.0004124700
  -0.0000012200    0.0000085500   -0.0004110600
  -0.0000172700   -0.0000683100   -0.0004531200
  -0.0000308700    0.0000044400   -0.0004349800
   0.0000095700    0.0000061500   -0.0004271200
   0.0000108700   -0.0000002900   -0.0004248200
   0.0000039900    0.0000017100   -0.0004206300
   0.0000131800   -0.0000089100   -0.0004082800
  -0.0000165300   -0.0000063800   -0.0004204500
  -0.0000029000    0.0000085600   -0.0004214900
   0.0000046600    0.0000039200   -0.0004238100
   0.0000087100    0.0000093400   -0.0004192900
  -0.0000036800    0.0000150200   -0.0004139800
  -0.0000024400   -0.0000019600   -0.0004163400
  -0.0000011000    0.0000187500   -0.0004178800
  -0.0000116300    0.0000080300   -0.0004240200
  -0.0000041300    0.0000055900   -0.0004022700
  -0.0000705500    0.0000262800   -0.0004535900
  -0.0000163400   -0.0000108700   -0.0004205000
   0.0000176600   -0.0000127400   -0.0004122400
   0.0000538900    0.0000366100   -0.0004469200

76   
 -0.0051571433359870   0.0000000000044507  -0.0085676060023839
  -0.0519341700    0.0251446500   -0.0586754600
   0.0040082600    0.0071583400   -0.0234528500
  -0.0004660600   -0.0001850100    0.0002421100
  -0.0000530600   -0.0000906100    0.0006703100
  -0.0002367300    0.0003155300   -0.0004449900
  -0.0000666300   -0.0004719500   -0.0002901800
   0.0023271300    0.0007988600   -0.0011675500
  -0.0000784800    0.0001900500    0.0000897500
   0.0000956700    0.0000483300    0.0005951100
  -0.0000259300    0.0000098200    0.0006274200
   0.0000818100    0.0000763500    0.0006827000
  -0.0000671900   -0.0000906900    0.0006369000
   0.0000125200   -0.0001974400    0.0008101900
  -0.0000796100    0.0000138200    0.0006520700
   0.0000015300   -0.0000719600    0.0006132200
  -0.0003924100    0.0006051700    0.0000437900
  -0.0000691500   -0.0000532300    0.0007354800
   0.0000181400    0.0000024500    0.0006665100
   0.0002171800    0.0001282000    0.0007028400
  -0.0001713500   -0.0004590100   -0.0002633600
  -0.0083867900   -0.0321151100   -0.0408874200
   0.0004163300    0.0011006400   -0.0001231000
  -0.0000461200    0.0000895600    0.0008268000
   0.0001574600    0.0001210000    0.0006208600
  -0.0009800800   -0.0019119400   -0.0022152100
  -0.0001830800    0.0000038000    0.0000170600
  -0.0000896700    0.0000880900   -0.0010135400
  -0.0000158500    0.0000141400   -0.0007118500
   0.0000016000   -0.0000265400   -0.0006816600
   0.0000451100    0.0001742100   -0.0009857800
  -0.0001564600   -0.0001223000   -0.0009100000
  -0.0000026500   -0.0001255100   -0.0010741500
   0.0000678200    0.0000253500   -0.0006462300
   0.0000172600    0.0000099100   -0.0007002800
   0.0000006100    0.0000208800   -0.0006179500
   0.0000165800    0.0000066800   -0.0006836200
   0.0000036000   -0.0000756300   -0.0006857300
  -0.0000039200   -0.0000120900   -0.0007162200
   0.0000148600    0.0000059000   -0.0006984400
  -0.0000067500   -0.0000093000   -0.0007140500
  -0.0000059000    0.0000082000   -0.0006919000
   0.0000122100    0.0000089400   -0.0006667600
  -0.0000068900   -0.0000005400   -0.0006731000
  -0.0000139400    0.0000145000   -0.0006943100
   0.0000304700   -0.0000431500   -0.0006312500
  -0.0001610400   -0.0000356700   -0.0009297000
  -0.0000724200    0.0000426300   -0.0007247000
  -0.0000055100   -0.0000121400   -0.0006755900
   0.0000655200    0.0000346100   -0.0006363200
   0.0001366300    0.0000222900   -0.0010661600
   0.0017512000   -0.0000021600   -0.0150062400
   0.0007602400   -0.0005192500    0.0009063500
  -0.0000552600    0.0001517600    0.0004113500
  -0.0000054300   -0.0000418400    0.0004181200
  -0.0024277600   -0.0020196500   -0.0010268400
   0.0009574000    0.0036204500   -0.0012514400
   0.0003430700    0.0004284600    0.0011286900
   0.0000535900    0.0000373100    0.0006866100
   0.0000044400    0.0000316600    0.0004217100
  -0.0002041100    0.0001078000    0.0007212700
   0.0000066800    0.0000843600    0.0004337900
  -0.0000069300   -0.0000569400    0.0007031200
   0.0000817400   -0.0001896000    0.0003961200
   0.0000249000   -0.0000126400    0.0004226800
  -0.0000326200   -0.0000222500    0.0004202200
  -0.0000227700   -0.0000569400    0.0004302700
   0.0000012800   -0.0000021900    0.0004372100
   0.0000050200    0.0000078000    0.0004089700
   0.0001061900    0.0000476900    0.0003993400
  -0.0000141500   -0.0001466700    0.0007035700
   0.0025362100   -0.0006304200   -0.0002783300
  -0.0001186000    0.0000689200    0.0007546900
   0.0000118000    0.0000065900    0.0004236700
  -0.0000285800   -0.0000080400    0.0006535800
  -0.0012549400   -0.0008546300    0.0001685100
   0.0628971300   -0.0002012000    0.1341996000
  -0.0042388100   -0.0004813100    0.0042792100
   0.0000061500    0.0000606300    0.0010539400
   0.0000202000    0.0000206800    0.0010511400
  -0.0031603000   -0.0003086100    0.0036458700
   0.0001200400    0.0014612800    0.0040160500
  -0.0011266100   -0.0020440100    0.0039108200
   0.0002122700    0.0001218300    0.0007330800
  -0.0000355200    0.0000049400    0.0008284700
   0.0000204400   -0.0000173200    0.0008117900
  -0.0000372200   -0.0000234700    0.0010319800
   0.0000092400    0.0000666300    0.0007675800
   0.0000286300   -0.0000326800    0.0010695100
  -0.0000142000   -0.0000134400    0.0008309300
  -0.0000291900    0.0000025500    0.0008212700
  -0.0000486500   -0.0000384800    0.0010343500
  -0.0000210000    0.0000071700    0.0008188900
   0.0000000900   -0.0000118200    0.0008216000
   0.0000306700    0.0000158800    0.0010690500
  -0.0000040900   -0.0001080300    0.0007711600
  -0.0004531100    0.0026227000    0.0043351000
   0.0001780600   -0.0000931000    0.0007095600
  -0.0000269200    0.0000161300    0.0008201900
   0.0000620900    0.0000348900    0.0008311900
  -0.0005639200   -0.0012461800    0.0035965600
   0.0006426100   -0.0002960300   -0.0010584600
  -0.0010305800   -0.0006699400   -0.0020400000
   0.0000155200    0.0000138400   -0.0006903900
   0.0000090200   -0.0000018700   -0.0007507200
  -0.0000741300    0.0000563000   -0.0007534600
  -0.0000887800    0.0000406200   -0.0007630400
   0.0001168000   -0.0001505200   -0.0005920100
   0.0000198600    0.0000054100   -0.0006840300
  -0.0000011100   -0.0000045500   -0.0007706700
   0.0000134600    0.0000025400   -0.0007631900
  -0.0000059800   -0.0000053900   -0.0007547000
  -0.0000180800    0.0000107100   -0.0007601800
   0.0000179200    0.0000219300   -0.0007315600
  -0.0000023200    0.0000098700   -0.0007459300
   0.0000122900    0.0000116800   -0.0007640200
  -0.0000082100   -0.0000629900   -0.0007315100
  -0.0000092700   -0.0000219400   -0.0007465200
  -0.0000049200   -0.0000010500   -0.0007771300
  -0.0000167900   -0.0000262000   -0.0007497300
   0.0000116600   -0.0000577400   -0.0007155900
   0.0001298600    0.0009627800   -0.0015514300
  -0.0001534800    0.0001522900   -0.0006705100
   0.0000182400    0.0000121000   -0.0007308400
  -0.0000253100   -0.0000026100   -0.0007626400
   0.0001104100   -0.0000074500   -0.0005092900
   0.0000001100   -0.0000044100   -0.0004451400
  -0.0000011700   -0.0000008800   -0.0004337600
   0.0000009600    0.0000046800   -0.0004210000
   0.0000042800   -0.0000158600   -0.0004295900
   0.0000229900   -0.0000069800   -0.0004350200
   0.0000141100   -0.0000093800   -0.0004402200
   0.0000013400    0.0000666100   -0.0003978700
   0.0000035300   -0.0000048000   -0.0004178200
  -0.0000111400   -0.0000069000   -0.0004341500
   0.0000126200   -0.0000002100   -0.0004279700
   0.0000114000    0.0000072400   -0.0004238200
  -0.0000144700    0.0000145800   -0.0004349500
  -0.0000015500    0.0000150600   -0.0004241800
  -0.0000113200    0.0000121200   -0.0004312200
   0.0000065400    0.0000168500   -0.0004289100
  -0.0000029600    0.0000026900   -0.0004318900
   0.0000078800   -0.0000187800   -0.0004289600
  -0.0000045000   -0.0000020100   -0.0004271100
  -0.0000071800   -0.0000070500   -0.0004335900
   0.0000097000    0.0000116000   -0.0004234700
  -0.0000036000   -0.0000027500   -0.0004378300
   0.0000607500   -0.0000388900   -0.0003970300
   0.0000146200   -0.0000090900   -0.0004239800
  -0.0000117300   -0.0000002600   -0.0004393300
  -0.0000484700   -0.0000333200   -0.0003932200
